// This is a simulation model for CircuitJS:
//    http://lushprojects.com/circuitjs/circuitjs.html
// Import it using "Import as Text" by copying just the lines below,
// excluding this comment.

$ 1 0.000005 10.200277308269968 50 5 50
162 624 320 624 400 1 6.8 1 0 0
162 624 400 624 480 1 6.8 1 0 0
162 624 480 624 560 1 6.8 1 0 0
162 624 560 624 640 1 6.8 1 0 0
162 880 560 880 640 1 6.8 1 0 0
162 880 480 880 560 1 6.8 1 0 0
162 880 400 880 480 1 6.8 1 0 0
162 880 320 880 400 1 6.8 1 0 0
w 752 640 752 688 0
w 624 640 752 640 0
w 880 640 752 640 0
g 752 688 752 736 0
f 560 160 624 160 1 1.5
f 816 160 880 160 1 1.5
r 816 160 768 160 0 47
r 768 160 768 96 0 10000
r 560 160 512 160 0 47
r 512 160 512 96 0 10000
f 720 224 768 224 0 1.5
g 768 240 768 272 0
w 768 160 768 208 0
L 720 224 720 96 0 1 false 3.3 0
f 464 224 512 224 0 1.5
w 512 160 512 208 0
g 512 240 512 272 0
L 464 224 464 96 0 1 false 3.3 0
R 512 64 512 32 0 0 40 24 0 0 0.5
w 512 96 624 96 0
w 624 96 624 144 0
w 768 96 880 96 0
w 880 96 880 144 0
r 624 176 624 320 0 22
r 880 176 880 320 0 22
w 512 64 512 96 0
w 512 64 768 64 0
w 768 64 768 96 0
O 880 320 944 320 1

